
llama_batched_bench: n_kv_max = 8192, n_batch = 2048, n_ubatch = 512, flash_attn = -1, is_pp_shared = 0, is_tg_separate = 0, n_gpu_layers = 99, n_threads = 4, n_threads_batch = 4

|    PP |     TG |    B |   N_KV |   T_PP s | S_PP t/s |   T_TG s | S_TG t/s |      T s |    S t/s |
|-------|--------|------|--------|----------|----------|----------|----------|----------|----------|
|   128 |     64 |    1 |    192 |    0.126 |  1012.93 |    0.840 |    76.19 |    0.966 |   198.68 |
|   128 |     64 |    2 |    384 |    0.242 |  1057.78 |    1.141 |   112.18 |    1.383 |   277.65 |
|   128 |     64 |    4 |    768 |    0.547 |   936.21 |    2.607 |    98.21 |    3.153 |   243.54 |
|   128 |    128 |    1 |    256 |    0.124 |  1028.55 |    1.762 |    72.66 |    1.886 |   135.73 |
|   128 |    128 |    2 |    512 |    0.253 |  1013.13 |    2.151 |   119.03 |    2.403 |   213.03 |
|   128 |    128 |    4 |   1024 |    0.487 |  1051.41 |    4.971 |   102.99 |    5.458 |   187.60 |
|   512 |     64 |    1 |    576 |    0.483 |  1059.56 |    0.844 |    75.83 |    1.327 |   433.98 |
|   512 |     64 |    2 |   1152 |    0.961 |  1065.45 |    1.130 |   113.27 |    2.091 |   550.89 |
|   512 |     64 |    4 |   2304 |    1.920 |  1066.43 |    2.616 |    97.86 |    4.536 |   507.90 |
|   512 |    128 |    1 |    640 |    0.483 |  1059.30 |    1.688 |    75.81 |    2.172 |   294.69 |
|   512 |    128 |    2 |   1280 |    0.962 |  1064.27 |    2.271 |   112.75 |    3.233 |   395.96 |
|   512 |    128 |    4 |   2560 |    1.922 |  1065.33 |    5.249 |    97.55 |    7.171 |   356.99 |
|  1024 |     64 |    1 |   1088 |    0.985 |  1039.77 |    0.880 |    72.72 |    1.865 |   583.40 |
|  1024 |     64 |    2 |   2176 |    1.965 |  1042.08 |    1.215 |   105.34 |    3.180 |   684.18 |
|  1024 |     64 |    4 |   4352 |    3.931 |  1041.90 |    2.794 |    91.62 |    6.725 |   647.10 |
|  1024 |    128 |    1 |   1152 |    0.986 |  1038.34 |    1.768 |    72.38 |    2.755 |   418.21 |
|  1024 |    128 |    2 |   2304 |    1.968 |  1040.66 |    2.440 |   104.92 |    4.408 |   522.70 |
|  1024 |    128 |    4 |   4608 |    3.932 |  1041.67 |    5.598 |    91.46 |    9.530 |   483.52 |

